-0.0533702333983796 0.0008595974853503282 -0.003915744664702026 -0.003364684166644971 0.002203145481336121 -0.002744169740023452 -0.001498596704337502 -0.00251183133884719 -0.007740522414247126 0.022477849253109
0.0008595974853503296 -0.02657958515126107 0.003531383897830773 -0.003591110031258483 -0.000170342503362383 0.003728937735835137 -0.01184400440081089 0.004566349474588341 -0.008497898377616938 0.008002418354796537
-0.003915744664702027 0.003531383897830771 -0.04100246007362299 0.00341919611635744 -0.001583020488835951 0.004948928083465974 -0.006878565195115428 0.003490263397703965 -0.003097617434895509 -0.01094538671580006
-0.003364684166644971 -0.003591110031258484 0.003419196116357441 -0.03313162083094797 0.00265966199063693 -0.004139689128542084 -0.02192435871690412 0.001257158406163173 0.01387496551787474 0.01185182728425058
0.002203145481336122 -0.0001703425033623827 -0.00158302048883595 0.002659661990636931 -0.02415424433542063 0.01087675809793346 0.00415064386969878 0.005600312788227407 0.001320826719318484 -0.0174134205987431
-0.002744169740023451 0.003728937735835138 0.004948928083465973 -0.004139689128542085 0.01087675809793346 -0.03914415527739672 -0.001971279055645626 -0.008099705297038597 0.005713790354465155 0.009812411696354292
-0.001498596704337502 -0.01184400440081089 -0.00687856519511543 -0.02192435871690411 0.004150643869698781 -0.001971279055645625 -0.06131768931581113 0.002894759155672132 0.01888297972760745 0.01101312386010271
-0.00251183133884719 0.004566349474588343 0.003490263397703965 0.001257158406163171 0.005600312788227404 -0.008099705297038597 0.00289475915567213 -0.03175806156042517 0.01113481598667155 0.008557350635952423
-0.007740522414247125 -0.00849789837761694 -0.003097617434895511 0.01387496551787474 0.001320826719318484 0.005713790354465157 0.01888297972760745 0.01113481598667154 -0.04534577861980892 0.001514306349707256
0.02247784925310901 0.008002418354796537 -0.01094538671580006 0.01185182728425058 -0.0174134205987431 0.00981241169635429 0.01101312386010271 0.008557350635952424 0.001514306349707253 -0.05289143265564603
